ReinforcementLearning.RL_Modified_bot,RandomBot
74,46
73,47
40,80
57,63
67,53
32,88
72,48
61,59
72,48
49,67
34,73
60,60
67,53
74,43
70,50
38,82
80,40
79,41
27,85
51,67
91,29
63,57
63,57
65,55
60,60
70,50
86,34
59,61
29,91
55,65
61,59
52,68
37,83
41,75
53,67
44,76
37,83
45,75
76,44
42,78
67,53
84,36
59,61
55,57
76,40
84,26
36,84
92,28
93,27
60,52
50,70
66,54
107,13
63,57
58,62
43,66
81,39
91,29
63,55
49,71
50,67
9,108
30,90
75,45
73,47
62,45
117,3
16,84
2,118
61,59
86,34
59,61
32,88
96,24
72,48
55,65
61,59
82,38
32,88
68,52
80,40
59,57
33,87
35,85
42,78
73,47
38,82
51,69
31,89
84,36
27,93
89,31
81,39
29,78
81,39
73,47
79,41
42,78
57,63
66,54
