ReinforcementLearning.RL_bot,RulebasedBot
17,103
55,82
106,69
149,77
197,72
220,97
261,79
336,45
373,83
413,80
442,91
480,82
548,52
603,65
663,60
710,73
736,94
812,44
855,77
871,104
935,56
966,89
1019,67
1067,72
1127,60
1194,53
1236,78
1303,53
1342,81
1400,62
1456,64
1515,61
1568,67
1596,92
1646,70
1686,80
1701,105
1767,54
1783,104
1831,72
1867,84
1924,63
1979,65
2023,76
2090,53
2125,85
2180,65
2225,75
2263,82
2320,63
2367,73
2394,93
2407,107
2441,86
2487,74
2545,62
2590,75
2628,82
2712,36
2773,59
2798,95
2846,72
2899,67
2938,81
2994,64
3033,81
3077,76
3118,79
3173,65
3225,68
3251,94
3305,66
3350,75
3419,51
3451,88
3513,58
3547,86
3563,104
3603,80
3630,93
3676,74
3735,61
3774,81
3792,102
3849,63
3899,70
3956,63
3974,102
4045,49
4089,76
4107,102
4188,39
4212,96
4256,76
4297,79
4351,66
4403,68
4434,89
4476,78
4509,87
